name = "ashland"
description = "OHIO RIVER AT ASHLAND, KY"
basin_area = 156836.61
length = 2630.37
meandering_ratio = 1.1
height = 481.03
lat = 38.48119220
lon = -82.63654970
