name = "athens"
description = "Hocking River at Athens OH"
basin_area = 2448.79
length = 2878.51
meandering_ratio = 1.1
height = 610.78
lat = 39.32896188
lon = -82.08764390
