name = "beaverfalls"
description = "Beaver River at Beaver Falls, PA"
basin_area = 8083.53
length = 3116.06
meandering_ratio = 1.1
height = 727.48
lat = 40.76339848
lon = -80.31506290
