name = "belleville"
description = "OHIO RIVER AT BELLEVILLE DAM, WV"
basin_area = 101986.98
length = 2818.54
meandering_ratio = 1.1
lat = 39.11896669
lon = -81.74235340
