name = "braddock"
description = "Monongahela River at Braddock, PA"
basin_area = 18988.30
length = 3164.86
meandering_ratio = 1.1
height = 709.66
lat = 40.39118024
lon = -79.85810420
