name = "calhoun"
description = "GREEN RIVER AT LOCK 2 AT CALHOUN, KY"
basin_area = 18540.88
length = 1992.50
meandering_ratio = 1.1
height = 353.95
lat = 37.53393500
lon = -87.26388730
