name = "catawba"
description = "LICKING RIVER AT CATAWBA, KY"
basin_area = 8554.78
length = 2472.50
meandering_ratio = 1.1
height = 500.01
lat = 38.71034780
lon = -84.31076930
