name = "charleston"
description = "KANAWHA RIVER AT CHARLESTON, WV"
basin_area = 26788.29
length = 2809.28
meandering_ratio = 1.1
height = 547.34
lat = 38.37148448
lon = -81.70207010
