name = "dashields"
description = "Ohio River at Sewickley, PA"
basin_area = 50478.40
length = 3126.58
meandering_ratio = 1.1
height = 680
lat = 40.54923420
lon = -80.20561480
