name = "elizabeth2"
description = "Monongahela River at Elizabeth, PA"
basin_area = 13823.08
length = 3185.73
meandering_ratio = 1.1
height = 717.90
lat = 40.26229225
lon = -79.90115970
