name = "evansville"
description = "OHIO RIVER AT EVANSVILLE, IN"
basin_area = 275482.90
length = 1878.29
meandering_ratio = 1.1
height = 328.64
lat = 37.97226440
lon = -87.57640450
