name = "fullersstation"
description = "BIG SANDY R AT LOUISA, KY"
basin_area = 10086.59
length = 2676.71
meandering_ratio = 1.1
height = 512.13
lat = 38.17119708
lon = -82.63460230
