name = "golconda"
description = "OHIO RIVER AT DAM 51 AT GOLCONDA, IL"
basin_area = 370942.26
length = 1701.32
meandering_ratio = 1.1
height = 294.60
lat = 37.35783020
lon = -88.48254240
