name = "grayson"
description = "LITTLE SANDY RIVER AT GRAYSON, KY"
basin_area = 1039.62
length = 2668.21
meandering_ratio = 1.1
height = 557.95
lat = 38.33008130
lon = -82.93933530
