name = "greenup"
description = "greenup"
basin_area = 159430.25
length = 2603.80
meandering_ratio = 1.1
height = 0
lat = 38.64684
lon = -82.86077
