name = "hamilton"
description = "Great Miami River at Hamilton OH"
basin_area = 9415.47
length = 2417.33
meandering_ratio = 1.1
height = 499.19
lat = 39.39116740
lon = -84.57216900
