name = "higby"
description = "Scioto River at Higby OH"
basin_area = 13298.70
length = 2666.15
meandering_ratio = 1.1
height = 566.01
lat = 39.21228934
lon = -82.86378540
