name = "huntington"
description = "OHIO RIVER AT HUNTINGTON, WV"
basin_area = 144418.21
length = 2646.08
meandering_ratio = 1.1
height = 489.16
lat = 38.41341549
lon = -82.50043400
