name = "jt-myers"
description = "OHIO RIVER AT UNIONTOWN DAM, KY"
basin_area = 277962.45
length = 1791.07
meandering_ratio = 1.1
height = 311.62
lat = 37.79715556
lon = -87.99833560
