name = "lockport"
description = "KENTUCKY RIVER AT LOCK 2 AT LOCKPORT, KY"
basin_area = 16020.13
length = 2321.92
meandering_ratio = 1.1
height = 433.36
lat = 38.43895654
lon = -84.96328440
