name = "markland"
description = "OHIO RIVER AT MARKLAND DAM NEAR WARSAW, KY"
basin_area = 214850.87
length = 2293.44
meandering_ratio = 1.1
height = 407.26
lat = 38.77478484
lon = -84.96439320
