name = "mcalpine"
description = "OHIO RIVER AT LOUISVILLE, KY"
basin_area = 236250.20
length = 2172.82
meandering_ratio = 1.1
height = 373.18
lat = 38.28034736
lon = -85.79913050
