name = "milford"
description = "Little Miami River at Milford OH"
basin_area = 3117.14
length = 2424.64
meandering_ratio = 1.1
height = 493.63
lat = 39.17144887
lon = -84.29799330
