name = "mountcarmel"
description = "WABASH RIVER AT MT. CARMEL, IL"
basin_area = 74359.92
length = 1918.08
meandering_ratio = 1.1
height = 368.98
lat = 38.39833330
lon = -87.75638889
