name = "natrona"
description = "Allegheny River at Natrona, PA"
basin_area = 29548.32
length = 3188.42
meandering_ratio = 1.1
height = 736.36
lat = 40.61534400
lon = -79.71838129
