name = "pike-island"
description = "OHIO RIVER AT MARTINS FERRY, OH"
basin_area = 63824.38
length = 3006.94
meandering_ratio = 1.1
height = 610.80
lat = 40.10507220
lon = -80.70841399
