name = "pointpleasant"
description = "OHIO RIVER AT POINT PLEASANT, WV"
basin_area = 104958.15
length = 2721.61
meandering_ratio = 1.1
height = 513.08
lat = 38.84396959
lon = -82.13958900
