name = "racine"
description = "OHIO RIVER AT RACINE DAM, WV"
basin_area = 103965.32
length = 2764.66
meandering_ratio = 1.1
lat = 38.91674750
lon = -81.91208080
