name = "rc-byrd"
description = "rc-byrd"
basin_area = 138654.16
length = 2703.26
meandering_ratio = 1.1
height = 0
lat = 38.68156
lon = -82.18829
