name = "smithland"
description = "Ohio River at Smithland Dam Smithland KY"
basin_area = 371802.16
length = 1675.95
meandering_ratio = 1.1
height = 289.28
lat = 37.15838880
lon = -88.42615040
