name = "wayne"
description = "TWELVEPOLE CREEK AT WAYNE, WV"
basin_area = 757.56
length = 2693.00
meandering_ratio = 1.1
height = 576.53
lat = 38.21814140
lon = -82.44848600
